LIVE-11Q-B — X1331 SIGNAL OBSERVER
Classical quantum-inspired runtime
No SHA execution
No future digest knowledge
PASS / TRY signal laboratory

============================================================
STIMULUS 000  bits=[0, 0, 0]
============================================================
 round  entropy     conc      sep    coher   motion   signal   delta    K stable
     0   1.9987   0.3338   0.0250   0.9988   0.0115   0.0524 +0.0524    4      0
     1   1.0248   0.6584   0.0481   0.9919   0.1316   0.1340 +0.0816    4      0
     2   0.1213   0.9596   0.9729   0.9886   0.1395   0.8730 +0.7390    1      0
     3   1.1188   0.6271   0.0216   0.9898   0.0179   0.0908 -0.7821    4      0
     4   2.0850   0.3050   0.0371   0.9952   0.0805   0.0562 -0.0346    4      0
     5   2.9715   0.0095   0.0351   0.9455   0.1562   0.0016 -0.0546    8      0
     6   2.4178   0.1941   0.0819   0.8446   0.2704   0.0436 +0.0420    4      0
     7   2.0301   0.3233   0.1404   0.7257   0.2873   0.0871 +0.0435    4      0
     8   1.8130   0.3957   0.4049   0.7669   0.2949   0.1851 +0.0980    2      0
     9   2.1868   0.2711   0.3323   0.8459   0.1187   0.1349 -0.0502    4      0
    10   2.2179   0.2607   0.3417   0.9749   0.1259   0.1407 +0.0058    4      0
    11   1.9013   0.3662   0.3802   0.7795   0.1281   0.1862 +0.0455    4      0
    12   2.0878   0.3041   0.0124   0.7396   0.3640   0.0232 -0.1629    4      0
    13   2.4449   0.1850   0.0072   0.7330   0.3284   0.0110 -0.0122    4      0
    14   2.9863   0.0046   0.0001   0.8470   0.3569   0.0000 -0.0110    8      0
    15   2.3173   0.2276   0.0681   0.8259   0.3528   0.0434 +0.0434    4      0
    16   1.9441   0.3520   0.1425   0.6476   0.4122   0.0820 +0.0386    4      0
    17   1.8401   0.3866   0.3323   0.5975   0.4251   0.1306 +0.0486    2      0
    18   2.3471   0.2176   0.2445   0.7128   0.1028   0.0861 -0.0446    4      0
    19   2.3154   0.2282   0.2663   0.9921   0.2060   0.1045 +0.0185    4      0
    20   1.7712   0.4096   0.3339   0.6548   0.2253   0.1686 +0.0641    2      0
    21   1.8222   0.3926   0.2424   0.6923   0.4765   0.1164 -0.0522    2      0
    22   2.1574   0.2809   0.2117   0.7325   0.3880   0.0865 -0.0298    4      0
    23   2.8390   0.0537   0.0802   0.7876   0.4693   0.0098 -0.0767    8      0
    24   2.8434   0.0522   0.0765   0.4348   0.4818   0.0069 -0.0030    8      0
    25   2.8902   0.0366   0.0371   0.2482   0.4290   0.0027 -0.0042    8      0
    26   2.7095   0.0968   0.0151   0.4696   0.5573   0.0054 +0.0028    8      0
    27   2.4239   0.1920   0.0082   0.6281   0.5423   0.0093 +0.0039    4      0
    28   2.1737   0.2754   0.3786   0.6219   0.6509   0.0790 +0.0696    4      0
    29   2.3643   0.2119   0.1708   0.3093   0.5516   0.0326 -0.0464    4      0
    30   2.6874   0.1042   0.1157   0.4248   0.4212   0.0176 -0.0150    8      0
    31   2.8832   0.0389   0.1059   0.7528   0.4092   0.0084 -0.0091    8      0
   128   1.4820   0.5060   0.6469   0.7999   0.1941   0.3268 +0.1645    2      0
   256   2.7786   0.0738   0.1171   0.6889   0.3153   0.0173 -0.0258    8      0
   384   2.6509   0.1164   0.0923   0.5811   0.4108   0.0207 -0.0659    8      0
   512   2.5374   0.1542   0.0798   0.5242   0.4378   0.0236 -0.0223    4      0
   640   2.6549   0.1150   0.0191   0.5178   0.4464   0.0085 -0.0504    8      0
   768   2.6212   0.1263   0.0132   0.5035   0.4651   0.0075 -0.0615    4      0
   896   2.5999   0.1334   0.0091   0.4990   0.4661   0.0066 -0.0543    4      0
  1024   2.6173   0.1276   0.0008   0.4984   0.4659   0.0018 -0.0603    4      0
  1152   2.6116   0.1295   0.0004   0.4959   0.4697   0.0014 -0.0626    4      0
  1280   2.6076   0.1308   0.0012   0.4954   0.4699   0.0023 -0.0601    4      0
  1408   2.6107   0.1298   0.0026   0.4953   0.4698   0.0034 -0.0592    4      0
  1536   2.6097   0.1301   0.0029   0.4948   0.4705   0.0036 -0.0594    4      0
  1664   2.6089   0.1304   0.0030   0.4947   0.4706   0.0037 -0.0591    4      0
  1792   2.6095   0.1302   0.0033   0.4948   0.4705   0.0038 -0.0589    4      0
  1920   2.6093   0.1302   0.0033   0.4947   0.4707   0.0039 -0.0590    4      0
  2048   2.6092   0.1303   0.0034   0.4946   0.4707   0.0039 -0.0589    4      0
  2176   2.6093   0.1302   0.0034   0.4946   0.4707   0.0039 -0.0589    4      0
  2304   2.6093   0.1302   0.0034   0.4946   0.4707   0.0039 -0.0589    4      0
  2432   2.6092   0.1303   0.0034   0.4946   0.4707   0.0039 -0.0589    4      0
  2560   2.6093   0.1302   0.0034   0.4946   0.4707   0.0039 -0.0589    4      0
  2688   2.6092   0.1303   0.0034   0.4946   0.4707   0.0039 -0.0589    4      0
  2816   2.6092   0.1303   0.0034   0.4946   0.4707   0.0039 -0.0589    4      0
  2944   2.6092   0.1303   0.0034   0.4946   0.4707   0.0039 -0.0589    4      0
  3072   2.6092   0.1303   0.0034   0.4946   0.4707   0.0039 -0.0589    4      0
  3200   2.6092   0.1303   0.0034   0.4946   0.4707   0.0039 -0.0589    4      0
  3328   2.6092   0.1303   0.0034   0.4946   0.4707   0.0039 -0.0589    4      0
  3456   2.6092   0.1303   0.0034   0.4946   0.4707   0.0039 -0.0589    4      0
  3584   2.6092   0.1303   0.0034   0.4946   0.4707   0.0039 -0.0589    4      0
  3712   2.6092   0.1303   0.0034   0.4946   0.4707   0.0039 -0.0589    4      0
  3840   2.6092   0.1303   0.0034   0.4946   0.4707   0.0039 -0.0589    4      0
  3968   2.6092   0.1303   0.0034   0.4946   0.4707   0.0039 -0.0589    4      0

action          = PASS
reason          = no stable signal transition
round_budget    = 4096

============================================================
STIMULUS 001  bits=[0, 0, 1]
============================================================
 round  entropy     conc      sep    coher   motion   signal   delta    K stable
     0   1.9987   0.3338   0.0250   0.9988   0.0115   0.0524 +0.0524    4      0
     1   1.0243   0.6586   0.0524   0.9922   0.1429   0.1391 +0.0866    4      0
     2   0.1221   0.9593   0.9732   0.9861   0.1709   0.8557 +0.7166    1      0
     3   1.1091   0.6303   0.0000   0.9923   0.0079   0.0000 -0.8557    4      0
     4   2.0966   0.3011   0.0000   0.9393   0.0802   0.0000 +0.0000    4      0
     5   2.9764   0.0079   0.0039   0.4807   0.1315   0.0003 +0.0003    8      0
     6   2.1668   0.2777   0.0494   0.4805   0.4331   0.0322 +0.0319    4      0
     7   1.3186   0.5605   0.0294   0.9326   0.2147   0.0822 +0.0500    4      0
     8   2.1474   0.2842   0.0449   0.9643   0.1624   0.0541 -0.0281    4      0
     9   2.9367   0.0211   0.0262   0.8805   0.1795   0.0029 -0.0512    8      0
    10   2.6554   0.1149   0.0368   0.6132   0.3895   0.0135 +0.0106    8      0
    11   2.4581   0.1806   0.1135   0.4917   0.4254   0.0324 +0.0189    4      0
    12   2.4186   0.1938   0.0670   0.5744   0.3490   0.0307 -0.0017    4      0
    13   2.3443   0.2186   0.0703   0.6185   0.3035   0.0380 +0.0074    4      0
    14   1.7107   0.4298   0.5731   0.7810   0.2205   0.2539 +0.2158    2      0
    15   2.0827   0.3058   0.3810   0.6284   0.2222   0.1320 -0.1219    4      0
    16   2.3142   0.2286   0.2573   0.5001   0.1622   0.0751 -0.0569    4      0
    17   2.7038   0.0987   0.0398   0.6992   0.2499   0.0143 -0.0608    8      0
    18   2.6341   0.1220   0.0432   0.5568   0.4052   0.0146 +0.0003    4      0
    19   2.6318   0.1227   0.0933   0.5357   0.2905   0.0231 +0.0085    4      0
    20   2.6854   0.1049   0.0667   0.7547   0.4832   0.0169 -0.0062    8      0
    21   2.7055   0.0982   0.0045   0.6656   0.5143   0.0038 -0.0132    8      0
    22   2.6986   0.1005   0.0891   0.2432   0.4448   0.0110 +0.0073    8      0
    23   2.4608   0.1797   0.1484   0.6964   0.5591   0.0384 +0.0273    4      0
    24   2.4537   0.1821   0.0281   0.6593   0.3404   0.0201 -0.0182    4      0
    25   2.3282   0.2239   0.2538   0.5283   0.4814   0.0590 +0.0389    4      0
    26   2.2305   0.2565   0.1792   0.6074   0.4330   0.0637 +0.0047    4      0
    27   2.6452   0.1183   0.1784   0.2826   0.2725   0.0227 -0.0411    8      0
    28   2.7950   0.0683   0.0459   0.4858   0.3444   0.0083 -0.0144    8      0
    29   2.3182   0.2273   0.2693   0.2315   0.2852   0.0480 +0.0397    4      0
    30   2.3630   0.2123   0.1906   0.4143   0.3757   0.0471 -0.0008    4      0
    31   2.5597   0.1468   0.0033   0.4078   0.2346   0.0047 -0.0424    4      0
   128   2.2017   0.2661   0.3065   0.5494   0.3054   0.0910 +0.0823    4      0
   256   2.6446   0.1185   0.0645   0.4878   0.2376   0.0183 +0.0044    8      0
   384   2.4809   0.1730   0.1649   0.4145   0.7213   0.0239 +0.0163    4      0
   512   2.4136   0.1955   0.0483   0.5243   0.2591   0.0268 +0.0204    4      0
   640   2.3331   0.2223   0.2594   0.3150   0.3979   0.0493 +0.0027    4      0
   768   2.4611   0.1796   0.1061   0.0178   0.5592   0.0052 -0.0728    4      0
   896   2.3123   0.2292   0.2993   0.5324   0.2496   0.0793 +0.0491    4      0
  1024   2.7518   0.0827   0.0375   0.2985   0.2458   0.0076 -0.0045    8      0
  1152   2.5365   0.1545   0.1362   0.5303   0.4757   0.0301 -0.0188    4      0
  1280   2.7647   0.0784   0.0427   0.3116   0.2642   0.0078 -0.0194    8      0
  1408   2.5861   0.1380   0.0780   0.1951   0.2232   0.0150 +0.0069    4      0
  1536   2.3859   0.2047   0.2031   0.4715   0.8282   0.0263 -0.0224    4      0
  1664   2.7153   0.0949   0.1234   0.3920   0.4014   0.0161 +0.0019    8      0
  1792   1.9567   0.3478   0.1969   0.5131   0.2675   0.0946 +0.0873    4      0
  1920   2.5019   0.1660   0.0089   0.5064   0.4287   0.0084 -0.0093    4      0
  2048   2.3714   0.2095   0.2586   0.6016   0.1003   0.0784 -0.0107    4      0
  2176   2.5908   0.1364   0.1634   0.5274   0.1805   0.0363 +0.0322    4      0
  2304   2.5324   0.1559   0.1966   0.6393   0.4779   0.0399 -0.0287    4      0
  2432   2.4316   0.1895   0.0948   0.3196   0.3152   0.0273 +0.0252    4      0
  2560   2.7192   0.0936   0.0474   0.6479   0.2284   0.0144 +0.0058    8      0
  2688   2.7245   0.0918   0.1288   0.4579   0.5022   0.0157 -0.0072    8      0
  2816   2.5615   0.1462   0.0122   0.3701   0.2419   0.0086 -0.0042    4      0
  2944   2.0726   0.3091   0.3823   0.6403   0.1985   0.1369 +0.0928    4      0
  3072   2.4158   0.1947   0.0482   0.2976   0.5296   0.0160 -0.0133    4      0
  3200   2.5911   0.1363   0.0727   0.5920   0.2451   0.0246 +0.0046    4      0
  3328   2.7324   0.0892   0.0104   0.4427   0.2727   0.0051 -0.0152    8      0
  3456   2.7048   0.0984   0.0977   0.7737   0.3480   0.0218 +0.0042    8      0
  3584   2.7537   0.0821   0.0119   0.4563   0.3015   0.0051 -0.0126    8      0
  3712   2.3328   0.2224   0.1983   0.1304   0.2550   0.0309 +0.0178    4      0
  3840   2.4766   0.1745   0.1351   0.7893   0.7637   0.0277 -0.0009    4      0
  3968   2.7995   0.0668   0.0057   0.1839   0.4152   0.0017 -0.0123    8      0

action          = PASS
reason          = no stable signal transition
round_budget    = 4096

============================================================
STIMULUS 010  bits=[0, 1, 0]
============================================================
 round  entropy     conc      sep    coher   motion   signal   delta    K stable
     0   1.9987   0.3338   0.0249   0.9989   0.0116   0.0523 +0.0523    4      0
     1   1.0149   0.6617   0.0247   0.9937   0.1600   0.0949 +0.0426    4      0
     2   0.0996   0.9668   0.9788   0.9908   0.1457   0.8800 +0.7850    1      0
     3   1.1071   0.6310   0.0000   0.9720   0.0292   0.0000 -0.8800    4      0
     4   2.0752   0.3083   0.0248   0.5269   0.0764   0.0338 +0.0338    4      0
     5   2.9868   0.0044   0.0079   0.5225   0.4164   0.0002 -0.0336    8      0
     6   2.0775   0.3075   0.0159   0.9804   0.1451   0.0355 +0.0353    4      0
     7   2.9801   0.0066   0.0026   0.8831   0.2771   0.0003 -0.0352    8      0
     8   2.7411   0.0863   0.0251   0.7664   0.3411   0.0097 +0.0094    8      0
     9   2.3909   0.2030   0.0742   0.6959   0.3535   0.0371 +0.0274    4      0
    10   2.0870   0.3043   0.3962   0.7514   0.3476   0.1341 +0.0970    4      0
    11   1.8186   0.3938   0.5188   0.8477   0.1257   0.2442 +0.1101    2      0
    12   1.7705   0.4098   0.4699   0.8994   0.2002   0.2383 -0.0059    2      1
    13   1.6270   0.4577   0.5730   0.7095   0.0782   0.2802 +0.0419    2      0
    14   2.1437   0.2854   0.1006   0.7423   0.3350   0.0636 -0.2166    4      0
    15   2.5883   0.1372   0.0610   0.6795   0.1357   0.0260 -0.0376    4      0
    16   2.8957   0.0348   0.0194   0.7374   0.4964   0.0030 -0.0230    8      0
    17   2.7109   0.0964   0.1251   0.4281   0.4235   0.0169 +0.0140    8      0
    18   2.2886   0.2371   0.2398   0.6019   0.2791   0.0765 +0.0596    4      0
    19   2.5266   0.1578   0.2753   0.9190   0.3022   0.0663 -0.0102    4      0
    20   2.1485   0.2838   0.3100   0.7622   0.4581   0.1016 +0.0353    4      0
    21   2.2529   0.2490   0.2495   0.6018   0.4953   0.0686 -0.0330    4      0
    22   2.3238   0.2254   0.0894   0.4725   0.4715   0.0337 -0.0349    4      0
    23   2.8603   0.0466   0.0337   0.4922   0.3793   0.0047 -0.0289    8      0
    24   2.3748   0.2084   0.0972   0.7304   0.3976   0.0431 +0.0384    4      0
    25   1.8975   0.3675   0.1095   0.4640   0.4745   0.0600 +0.0170    4      0
    26   1.8125   0.3958   0.3011   0.5546   0.6500   0.0957 +0.0357    2      0
    27   2.3077   0.2308   0.1974   0.3506   0.1311   0.0566 -0.0391    4      0
    28   2.4357   0.1881   0.2252   0.7016   0.6203   0.0461 -0.0105    4      0
    29   2.4180   0.1940   0.2568   0.3838   0.4982   0.0431 -0.0029    4      0
    30   2.3629   0.2124   0.1945   0.4567   0.0717   0.0610 +0.0178    4      0
    31   2.6108   0.1297   0.0256   0.8546   0.3678   0.0152 -0.0457    4      0
   128   1.8222   0.3926   0.0275   0.7137   0.5724   0.0360 +0.0201    4      0
   256   2.3488   0.2171   0.0236   0.7713   0.1339   0.0273 -0.0673    4      0
   384   2.5369   0.1544   0.1153   0.7705   0.2347   0.0402 +0.0227    4      0
   512   2.1945   0.2685   0.1396   0.7339   0.6335   0.0520 +0.0316    4      0
   640   2.2955   0.2348   0.3451   0.6492   0.1255   0.1039 +0.0207    4      0
   768   2.6290   0.1237   0.1495   0.7536   0.1789   0.0376 +0.0093    4      0
   896   2.4260   0.1913   0.1280   0.6600   0.5464   0.0375 -0.0204    4      0
  1024   2.2084   0.2639   0.4425   0.5890   0.1014   0.1277 +0.0167    4      0
  1152   2.4875   0.1708   0.2911   0.7411   0.1569   0.0728 +0.0321    4      0
  1280   2.5557   0.1481   0.1797   0.5871   0.5240   0.0332 -0.0388    4      0
  1408   2.2317   0.2561   0.4491   0.5154   0.1171   0.1158 -0.0020    4      0
  1536   2.3569   0.2144   0.3042   0.7065   0.1428   0.0920 +0.0581    4      0
  1664   2.6881   0.1040   0.1980   0.5013   0.5215   0.0227 -0.0406    8      0
  1792   2.2831   0.2390   0.3913   0.4127   0.1395   0.0891 +0.0008    4      0
  1920   2.3137   0.2288   0.2380   0.6378   0.1496   0.0822 +0.0685    4      0
  2048   2.7759   0.0747   0.1287   0.4164   0.5148   0.0120 -0.0304    8      0
  2176   2.3472   0.2176   0.2930   0.3405   0.1908   0.0618 +0.0216    4      0
  2304   2.3311   0.2230   0.1058   0.5413   0.1884   0.0481 +0.0366    4      0
  2432   2.7775   0.0742   0.0031   0.3533   0.5048   0.0017 -0.0082    8      0
  2560   2.4121   0.1960   0.2016   0.3715   0.2387   0.0468 +0.0359    4      0
  2688   2.3667   0.2111   0.0409   0.4490   0.2420   0.0249 +0.0152    4      0
  2816   2.7414   0.0862   0.1071   0.3169   0.5117   0.0111 -0.0258    8      0
  2944   2.4317   0.1894   0.1374   0.4143   0.2412   0.0394 +0.0186    4      0
  3072   2.3839   0.2054   0.1209   0.4208   0.2797   0.0393 +0.0299    4      0
  3200   2.7421   0.0860   0.1308   0.2890   0.5417   0.0113 -0.0318    8      0
  3328   2.4357   0.1881   0.1472   0.4193   0.2443   0.0406 +0.0204    4      0
  3456   2.4180   0.1940   0.1075   0.4517   0.2810   0.0362 +0.0269    4      0
  3584   2.7625   0.0792   0.0899   0.2696   0.5681   0.0081 -0.0211    8      0
  3712   2.4271   0.1910   0.1924   0.4129   0.2266   0.0473 +0.0322    4      0
  3840   2.4437   0.1854   0.0522   0.4931   0.2601   0.0256 +0.0158    4      0
  3968   2.7724   0.0759   0.0373   0.2721   0.5730   0.0050 -0.0136    8      0

action          = PASS
reason          = no stable signal transition
round_budget    = 4096

============================================================
STIMULUS 011  bits=[0, 1, 1]
============================================================
 round  entropy     conc      sep    coher   motion   signal   delta    K stable
     0   1.9987   0.3338   0.0249   0.9989   0.0116   0.0523 +0.0523    4      0
     1   1.0233   0.6589   0.0246   0.9928   0.1442   0.0953 +0.0430    4      0
     2   0.1133   0.9622   0.9775   0.9862   0.1723   0.8595 +0.7642    1      0
     3   1.1075   0.6308   0.0000   0.9102   0.0758   0.0000 -0.8595    4      0
     4   2.0795   0.3068   0.0148   0.6955   0.2446   0.0270 +0.0270    4      0
     5   2.9914   0.0029   0.0007   0.5305   0.2544   0.0000 -0.0270    8      0
     6   2.3839   0.2054   0.0126   0.4125   0.4000   0.0115 +0.0114    4      0
     7   2.7924   0.0692   0.1013   0.4419   0.1862   0.0132 +0.0017    8      0
     8   2.7769   0.0744   0.0130   0.4555   0.3797   0.0045 -0.0087    8      0
     9   2.6377   0.1208   0.1557   0.7543   0.3351   0.0338 +0.0292    4      0
    10   2.6374   0.1209   0.0433   0.9356   0.3459   0.0197 -0.0141    4      0
    11   2.4346   0.1885   0.1078   0.6857   0.4583   0.0377 +0.0180    4      0
    12   2.0311   0.3230   0.0826   0.2839   0.4538   0.0366 -0.0012    4      0
    13   2.0263   0.3246   0.1335   0.7580   0.4770   0.0747 +0.0381    4      0
    14   2.4264   0.1912   0.0416   0.4066   0.2327   0.0218 -0.0529    4      0
    15   2.8269   0.0577   0.0568   0.3796   0.3338   0.0069 -0.0149    8      0
    16   2.6802   0.1066   0.1337   0.7200   0.3973   0.0257 +0.0188    8      0
    17   2.3476   0.2175   0.1159   0.5575   0.3061   0.0461 +0.0204    4      0
    18   2.7688   0.0771   0.0149   0.2148   0.5881   0.0028 -0.0433    8      0
    19   2.8785   0.0405   0.0168   0.6264   0.5909   0.0027 -0.0001    8      0
    20   2.8065   0.0645   0.0076   0.3576   0.4824   0.0024 -0.0002    8      0
    21   2.8151   0.0616   0.0526   0.3139   0.3572   0.0064 +0.0039    8      0
    22   2.6807   0.1064   0.0526   0.7565   0.4953   0.0151 +0.0087    8      0
    23   2.8878   0.0374   0.0209   0.1338   0.3856   0.0015 -0.0135    8      0
    24   2.4161   0.1946   0.0728   0.1171   0.4229   0.0136 +0.0121    4      0
    25   2.6692   0.1103   0.1283   0.5395   0.6138   0.0180 +0.0044    8      0
    26   2.4464   0.1845   0.0411   0.6558   0.4641   0.0222 +0.0042    4      0
    27   1.9535   0.3488   0.3142   0.3976   0.4587   0.0907 +0.0685    4      0
    28   1.5274   0.4909   0.6555   0.8332   0.5994   0.2296 +0.1389    2      0
    29   1.7644   0.4119   0.4635   0.5168   0.1946   0.1809 -0.0487    2      0
    30   2.2244   0.2585   0.2536   0.1816   0.1939   0.0498 -0.1311    4      0
    31   2.6666   0.1111   0.0935   0.6700   0.5814   0.0180 -0.0318    8      0
   128   2.6441   0.1186   0.0443   0.6414   0.5267   0.0138 +0.0083    8      0
   256   2.1871   0.2710   0.2675   0.5931   0.1604   0.0989 -0.0394    4      0
   384   2.7205   0.0932   0.0165   0.3878   0.4035   0.0057 -0.0146    8      0
   512   2.5731   0.1423   0.0370   0.2659   0.3677   0.0112 -0.0305    4      0
   640   2.6761   0.1080   0.0055   0.5305   0.1543   0.0054 -0.0251    8      0
   768   2.5050   0.1650   0.1636   0.4126   0.2563   0.0370 +0.0295    4      0
   896   2.3510   0.2163   0.2391   0.3232   0.5215   0.0416 +0.0206    4      0
  1024   2.4397   0.1868   0.1651   0.3344   0.1634   0.0401 +0.0287    4      0
  1152   2.2847   0.2384   0.1797   0.3159   0.6992   0.0312 +0.0072    4      0
  1280   2.3137   0.2288   0.3717   0.4984   0.2945   0.0827 +0.0340    4      0
  1408   2.6575   0.1142   0.0122   0.4637   0.3827   0.0068 -0.0102    8      0
  1536   2.6866   0.1045   0.0765   0.5585   0.3177   0.0178 +0.0147    8      0
  1664   2.3369   0.2210   0.1839   0.5702   0.1258   0.0669 +0.0522    4      0
  1792   2.1607   0.2798   0.2409   0.6793   0.4879   0.0810 +0.0618    4      0
  1920   2.3239   0.2254   0.0519   0.3158   0.3203   0.0238 -0.0428    4      0
  2048   2.5745   0.1418   0.1497   0.6550   0.3576   0.0356 +0.0253    4      0
  2176   2.7143   0.0952   0.0883   0.2256   0.3269   0.0110 +0.0087    8      0
  2304   2.5379   0.1540   0.1066   0.5845   0.1934   0.0345 +0.0089    4      0
  2432   2.5583   0.1472   0.1379   0.4775   0.4501   0.0280 +0.0126    4      0
  2560   2.7083   0.0972   0.1082   0.2839   0.3319   0.0139 -0.0181    8      0
  2688   2.8440   0.0520   0.0574   0.4740   0.3355   0.0070 +0.0039    8      0
  2816   2.2544   0.2485   0.1322   0.1346   0.4503   0.0246 +0.0189    4      0
  2944   2.3746   0.2085   0.0555   0.4099   0.3765   0.0248 -0.0311    4      0
  3072   2.2275   0.2575   0.0167   0.5744   0.6335   0.0153 -0.0634    4      0
  3200   2.3436   0.2188   0.0252   0.2705   0.4158   0.0138 -0.0417    4      0
  3328   2.1542   0.2819   0.3562   0.4736   0.2878   0.0977 +0.0936    4      0
  3456   2.3637   0.2121   0.0438   0.4547   0.4038   0.0231 -0.0166    4      0
  3584   2.7944   0.0685   0.1586   0.3735   0.3689   0.0132 -0.0242    8      0
  3712   2.3829   0.2057   0.0106   0.1961   0.1907   0.0084 +0.0008    4      0
  3840   2.6200   0.1267   0.0037   0.5306   0.4380   0.0042 -0.0413    4      0
  3968   2.6316   0.1228   0.0628   0.2851   0.5908   0.0105 -0.0026    4      0

action          = PASS
reason          = no stable signal transition
round_budget    = 4096

============================================================
STIMULUS 100  bits=[1, 0, 0]
============================================================
 round  entropy     conc      sep    coher   motion   signal   delta    K stable
     0   1.9987   0.3338   0.0250   0.9798   0.0461   0.0510 +0.0510    4      0
     1   1.0335   0.6555   0.0246   0.9931   0.0800   0.0983 +0.0473    4      0
     2   0.1103   0.9632   0.9785   0.9936   0.1903   0.8546 +0.7564    1      0
     3   1.0989   0.6337   0.0617   0.0665   0.2063   0.0362 -0.8185    4      0
     4   2.0716   0.3095   0.0304   0.0888   0.9130   0.0047 -0.0314    4      0
     5   2.9791   0.0070   0.0432   0.3773   0.7903   0.0004 -0.0043    8      0
     6   2.5874   0.1375   0.0471   0.8039   0.1671   0.0244 +0.0240    4      0
     7   2.1991   0.2670   0.0992   0.7162   0.4537   0.0526 +0.0282    4      0
     8   1.2796   0.5735   0.5904   0.8178   0.5614   0.2639 +0.2113    2      0
     9   1.5609   0.4797   0.3545   0.9366   0.1628   0.2529 -0.0110    2      1
    10   1.6533   0.4489   0.3429   0.9313   0.2336   0.2221 -0.0308    2      0
    11   2.5873   0.1376   0.0424   0.9136   0.2816   0.0229 -0.1991    4      0
    12   2.3430   0.2190   0.0096   0.5338   0.2452   0.0136 -0.0093    4      0
    13   2.5967   0.1344   0.0001   0.6517   0.5780   0.0008 -0.0129    4      0
    14   2.0609   0.3130   0.1117   0.5745   0.6486   0.0470 +0.0462    4      0
    15   2.1883   0.2706   0.1241   0.5271   0.2718   0.0590 +0.0120    4      0
    16   1.7213   0.4262   0.4684   0.5408   0.5824   0.1386 +0.0796    2      0
    17   2.0894   0.3035   0.3566   0.8220   0.4912   0.1172 -0.0214    4      0
    18   1.9664   0.3445   0.3652   0.9649   0.1888   0.1842 +0.0670    4      0
    19   2.1583   0.2806   0.2985   0.6845   0.3189   0.1047 -0.0795    4      0
    20   2.3269   0.2244   0.1872   0.6346   0.4223   0.0588 -0.0459    4      0
    21   2.6004   0.1332   0.1094   0.3020   0.2837   0.0205 -0.0383    4      0
    22   2.7875   0.0708   0.0850   0.3514   0.4831   0.0088 -0.0117    8      0
    23   2.2881   0.2373   0.0026   0.5443   0.5181   0.0062 -0.0026    4      0
    24   2.2795   0.2402   0.0149   0.4158   0.4516   0.0140 +0.0078    4      0
    25   2.4164   0.1945   0.0071   0.4093   0.4962   0.0075 -0.0065    4      0
    26   2.7479   0.0840   0.0264   0.4398   0.4324   0.0068 -0.0006    8      0
    27   2.6548   0.1151   0.0088   0.6527   0.5775   0.0057 -0.0012    8      0
    28   2.2689   0.2437   0.2753   0.4351   0.4875   0.0604 +0.0547    4      0
    29   2.2561   0.2480   0.2188   0.5722   0.5455   0.0592 -0.0012    4      0
    30   2.3643   0.2119   0.1059   0.5842   0.3488   0.0425 -0.0166    4      0
    31   2.7328   0.0891   0.0679   0.3907   0.5281   0.0100 -0.0326    8      0
   128   1.0070   0.6643   0.6430   0.6818   0.3653   0.3504 +0.0697    2      0
   256   2.3568   0.2144   0.0356   0.4429   0.4046   0.0208 -0.1142    4      0
   384   2.3111   0.2296   0.0306   0.5090   0.1712   0.0261 +0.0232    4      0
   512   1.8129   0.3957   0.1482   0.5408   0.1156   0.1053 +0.0686    2      0
   640   2.3504   0.2165   0.0721   0.4711   0.2925   0.0336 -0.1550    4      0
   768   2.4413   0.1862   0.0409   0.3474   0.0906   0.0212 +0.0117    4      0
   896   2.0496   0.3168   0.0953   0.5172   0.7518   0.0350 -0.0695    4      0
  1024   2.5836   0.1388   0.0965   0.6931   0.6376   0.0216 -0.1300    4      0
  1152   2.4603   0.1799   0.0211   0.6503   0.1846   0.0190 +0.0034    4      0
  1280   1.4487   0.5171   0.6456   0.7140   0.7771   0.1657 +0.1189    2      0
  1408   2.3145   0.2285   0.0969   0.5869   0.6969   0.0300 -0.1840    4      0
  1536   2.0385   0.3205   0.1227   0.9237   0.1549   0.0992 +0.0228    4      0
  1664   2.3663   0.2112   0.0176   0.8552   0.1671   0.0237 -0.0069    4      0
  1792   2.2228   0.2591   0.1796   0.7283   0.3998   0.0726 -0.1921    4      0
  1920   2.7670   0.0777   0.0012   0.0970   0.1566   0.0008 -0.0286    8      0
  2048   1.7118   0.4294   0.4700   0.5697   0.7459   0.1120 -0.1307    2      0
  2176   2.7477   0.0841   0.0862   0.1546   0.5217   0.0067 -0.0341    8      0
  2304   2.7179   0.0940   0.1060   0.3203   0.1352   0.0161 -0.0151    8      0
  2432   2.1687   0.2771   0.1343   0.5806   0.7595   0.0379 -0.0607    4      0
  2560   2.1295   0.2902   0.1535   0.5566   0.4528   0.0628 -0.1336    4      0
  2688   2.1568   0.2811   0.1952   0.7829   0.2178   0.0972 +0.0826    4      0
  2816   2.2368   0.2544   0.0977   0.3347   0.2265   0.0405 +0.0327    4      0
  2944   2.8908   0.0364   0.0344   0.0905   0.2769   0.0017 -0.0088    8      0
  3072   2.2640   0.2453   0.1758   0.4091   0.2578   0.0567 -0.0545    4      0
  3200   1.8313   0.3896   0.4977   0.4902   0.6353   0.1162 +0.0485    2      0
  3328   2.4763   0.1746   0.1128   0.8186   0.2854   0.0448 -0.0390    4      0
  3456   2.2537   0.2488   0.1954   0.7196   0.2172   0.0825 +0.0710    4      0
  3584   1.9712   0.3429   0.1733   0.3020   0.4855   0.0563 -0.0872    4      0
  3712   2.5619   0.1460   0.1140   0.1840   0.4686   0.0154 -0.0023    4      0
  3840   1.7718   0.4094   0.2135   0.7293   0.2426   0.1406 +0.1140    2      0
  3968   1.8439   0.3854   0.0323   0.6627   0.2487   0.0489 +0.0310    4      0

action          = PASS
reason          = no stable signal transition
round_budget    = 4096

============================================================
STIMULUS 101  bits=[1, 0, 1]
============================================================
 round  entropy     conc      sep    coher   motion   signal   delta    K stable
     0   1.9987   0.3338   0.0250   0.9988   0.0115   0.0524 +0.0524    4      0
     1   1.0335   0.6555   0.0246   0.9930   0.0577   0.0995 +0.0470    4      0
     2   0.1272   0.9576   0.9736   0.9873   0.3274   0.7700 +0.6705    1      0
     3   1.1123   0.6292   0.0318   0.0326   0.2100   0.0180 -0.7520    4      0
     4   2.0691   0.3103   0.0167   0.0330   0.9217   0.0020 -0.0160    4      0
     5   2.9898   0.0034   0.0212   0.1610   0.8436   0.0001 -0.0020    8      0
     6   2.4096   0.1968   0.0431   0.4505   0.4957   0.0195 +0.0194    4      0
     7   1.5832   0.4723   0.0102   0.8698   0.5726   0.0290 +0.0095    4      0
     8   2.3698   0.2101   0.0499   0.9666   0.3736   0.0365 +0.0075    4      0
     9   2.8923   0.0359   0.0047   0.8859   0.1507   0.0021 -0.0344    8      0
    10   2.5541   0.1486   0.0390   0.7755   0.3524   0.0208 +0.0187    4      0
    11   2.3095   0.2302   0.2415   0.7063   0.3453   0.0769 +0.0561    4      0
    12   1.9682   0.3439   0.4842   0.6443   0.2567   0.1656 +0.0887    4      0
    13   1.9859   0.3380   0.3920   0.6751   0.6063   0.1091 -0.0565    4      0
    14   1.7523   0.4159   0.5296   0.5618   0.7345   0.1169 +0.0078    2      0
    15   1.8837   0.3721   0.4796   0.4983   0.1728   0.1654 +0.0485    4      0
    16   2.2725   0.2425   0.2767   0.4574   0.7883   0.0397 -0.1257    4      0
    17   2.5685   0.1438   0.1615   0.7966   0.4570   0.0380 -0.0017    4      0
    18   2.7256   0.0915   0.0975   0.4373   0.3255   0.0155 -0.0225    8      0
    19   2.2286   0.2571   0.2672   0.7188   0.3499   0.0909 +0.0753    4      0
    20   2.4984   0.1672   0.2561   0.7891   0.3574   0.0603 -0.0306    4      0
    21   2.5618   0.1461   0.1815   0.4887   0.6919   0.0241 -0.0361    4      0
    22   2.7115   0.0962   0.1893   0.3471   0.6001   0.0156 -0.0086    8      0
    23   2.7657   0.0781   0.0164   0.3153   0.5765   0.0037 -0.0119    8      0
    24   2.7720   0.0760   0.0187   0.4520   0.3563   0.0056 +0.0020    8      0
    25   2.2531   0.2490   0.2252   0.4301   0.5405   0.0525 +0.0469    4      0
    26   2.1285   0.2905   0.1718   0.6615   0.4906   0.0699 +0.0174    4      0
    27   1.8245   0.3918   0.5214   0.5484   0.1778   0.1900 +0.1201    2      0
    28   2.1723   0.2759   0.2858   0.5060   0.4289   0.0793 -0.1107    4      0
    29   1.9595   0.3468   0.4464   0.6269   0.4899   0.1310 +0.0518    4      0
    30   2.2721   0.2426   0.2770   0.3658   0.1821   0.0699 -0.0612    4      0
    31   2.3100   0.2300   0.2587   0.3190   0.7722   0.0315 -0.0383    4      0
   128   1.9558   0.3481   0.2569   0.4670   0.7814   0.0564 +0.0442    4      0
   256   2.1983   0.2672   0.0906   0.7327   0.3593   0.0551 +0.0170    4      0
   384   2.3243   0.2252   0.1340   0.7414   0.2825   0.0601 +0.0426    4      0
   512   2.1737   0.2754   0.2835   0.7140   0.5029   0.0874 +0.0692    4      0
   640   2.6002   0.1333   0.0075   0.6366   0.6066   0.0058 -0.0125    4      0
   768   2.5550   0.1483   0.0721   0.6295   0.2710   0.0270 -0.0178    4      0
   896   2.3618   0.2127   0.0551   0.7402   0.4750   0.0311 -0.0178    4      0
  1024   2.6400   0.1200   0.1356   0.4583   0.6660   0.0173 -0.0228    8      0
  1152   2.6786   0.1071   0.0227   0.6220   0.2327   0.0111 -0.0436    8      0
  1280   2.6877   0.1041   0.0225   0.6766   0.4721   0.0093 -0.0517    8      0
  1408   2.4793   0.1736   0.1694   0.3751   0.6851   0.0246 +0.0164    4      0
  1536   2.8476   0.0508   0.0102   0.5431   0.2194   0.0033 -0.0308    8      0
  1664   2.8064   0.0645   0.0499   0.4631   0.5128   0.0068 -0.0180    8      0
  1792   2.4446   0.1851   0.0568   0.2927   0.6471   0.0142 -0.0361    4      0
  1920   2.9129   0.0290   0.0077   0.4324   0.2042   0.0015 -0.0087    8      0
  2048   2.7130   0.0957   0.0912   0.2655   0.5993   0.0094 -0.0252    8      0
  2176   2.4336   0.1888   0.0232   0.1190   0.4946   0.0071 -0.1004    4      0
  2304   2.9246   0.0251   0.0119   0.2685   0.1831   0.0013 -0.0236    8      0
  2432   2.4672   0.1776   0.1394   0.2313   0.6203   0.0196 -0.0360    4      0
  2560   2.3586   0.2138   0.0049   0.0577   0.3362   0.0029 -0.1266    4      0
  2688   2.9075   0.0308   0.0099   0.1679   0.1661   0.0012 -0.0330    8      0
  2816   2.3488   0.2171   0.1648   0.2814   0.5359   0.0318 -0.0222    4      0
  2944   2.3470   0.2177   0.0181   0.1157   0.4181   0.0076 -0.1302    4      0
  3072   2.8215   0.0595   0.0331   0.2756   0.2133   0.0050 -0.0312    8      0
  3200   2.4799   0.1734   0.1418   0.3050   0.5299   0.0247 -0.0220    4      0
  3328   2.4058   0.1981   0.0255   0.1123   0.4594   0.0078 -0.1160    4      0
  3456   2.7922   0.0693   0.0287   0.3467   0.2042   0.0062 -0.0288    8      0
  3584   2.5887   0.1371   0.1354   0.3053   0.5286   0.0191 -0.0247    4      0
  3712   2.4282   0.1906   0.0221   0.1031   0.4777   0.0066 -0.1017    4      0
  3840   2.8238   0.0587   0.0246   0.3669   0.2195   0.0049 -0.0338    8      0
  3968   2.6267   0.1244   0.1194   0.2935   0.5298   0.0160 -0.0280    4      0

action          = PASS
reason          = no stable signal transition
round_budget    = 4096

============================================================
STIMULUS 110  bits=[1, 1, 0]
============================================================
 round  entropy     conc      sep    coher   motion   signal   delta    K stable
     0   1.9987   0.3338   0.0249   0.9797   0.0577   0.0506 +0.0506    4      0
     1   1.0325   0.6558   0.0246   0.9918   0.0875   0.0979 +0.0473    4      0
     2   0.1110   0.9630   0.9781   0.9921   0.0816   0.9091 +0.8112    1      0
     3   1.1068   0.6311   0.0322   0.1895   0.5015   0.0348 -0.8743    4      0
     4   2.0746   0.3085   0.0232   0.5608   0.5062   0.0247 -0.0101    4      0
     5   2.9798   0.0067   0.0337   0.5574   0.4933   0.0007 -0.0241    8      0
     6   2.2439   0.2520   0.0025   0.0848   0.2795   0.0031 +0.0025    4      0
     7   2.9316   0.0228   0.0200   0.1017   0.5145   0.0007 -0.0024    8      0
     8   2.0348   0.3217   0.0226   0.0535   0.4084   0.0086 +0.0079    4      0
     9   1.7191   0.4270   0.2439   0.4988   0.3694   0.1182 +0.1096    2      0
    10   1.6628   0.4457   0.1968   0.4745   0.4090   0.1047 -0.0135    2      0
    11   2.5598   0.1467   0.0838   0.3637   0.6435   0.0153 -0.0894    4      0
    12   2.5081   0.1640   0.0594   0.7984   0.2067   0.0318 +0.0165    4      0
    13   2.0971   0.3010   0.0592   0.7657   0.7533   0.0318 +0.0000    4      0
    14   1.7786   0.4071   0.5320   0.7946   0.5014   0.1869 +0.1551    2      0
    15   2.3519   0.2160   0.0139   0.4482   0.4215   0.0130 -0.1739    4      0
    16   2.4777   0.1741   0.1182   0.4515   0.5415   0.0272 +0.0143    4      0
    17   2.3760   0.2080   0.2295   0.6797   0.6863   0.0460 +0.0188    4      0
    18   2.0544   0.3152   0.2255   0.4682   0.1936   0.0920 +0.0460    4      0
    19   2.5245   0.1585   0.0039   0.3468   0.6151   0.0036 -0.0884    4      0
    20   2.9148   0.0284   0.0004   0.8507   0.5093   0.0004 -0.0032    8      0
    21   2.4777   0.1741   0.0342   0.4796   0.4035   0.0172 +0.0168    4      0
    22   2.4113   0.1962   0.0371   0.6818   0.5404   0.0211 +0.0039    4      0
    23   2.1921   0.2693   0.3472   0.6174   0.4005   0.0965 +0.0754    4      0
    24   2.4433   0.1856   0.1931   0.4206   0.3787   0.0417 -0.0548    4      0
    25   2.4595   0.1802   0.0134   0.2753   0.5207   0.0076 -0.0341    4      0
    26   2.2844   0.2385   0.2280   0.6024   0.5520   0.0592 +0.0516    4      0
    27   2.2139   0.2620   0.1508   0.7419   0.4289   0.0662 +0.0071    4      0
    28   2.1326   0.2891   0.2472   0.5517   0.5068   0.0750 +0.0087    4      0
    29   2.5378   0.1541   0.0644   0.4699   0.6103   0.0167 -0.0583    4      0
    30   2.6655   0.1115   0.0822   0.4521   0.6622   0.0125 -0.0042    8      0
    31   2.7063   0.0979   0.0616   0.2242   0.4712   0.0084 -0.0041    8      0
   128   2.6904   0.1032   0.1897   0.3617   0.4655   0.0198 +0.0167    8      0
   256   2.5280   0.1573   0.0559   0.2550   0.4831   0.0135 -0.0026    4      0
   384   2.7720   0.0760   0.0284   0.1403   0.4236   0.0036 -0.0210    8      0
   512   2.4840   0.1720   0.0114   0.1208   0.5927   0.0041 -0.0119    4      0
   640   2.0380   0.3207   0.3279   0.8539   0.4948   0.1206 +0.1111    4      0
   768   2.6209   0.1264   0.1091   0.7981   0.3541   0.0300 -0.0051    4      0
   896   2.3704   0.2099   0.0490   0.2592   0.5310   0.0162 +0.0103    4      0
  1024   1.9242   0.3586   0.4054   0.7468   0.4388   0.1478 +0.0503    4      0
  1152   2.1360   0.2880   0.2296   0.8700   0.1019   0.1220 -0.0224    4      0
  1280   2.5368   0.1544   0.0428   0.2567   0.4560   0.0119 +0.0073    4      0
  1408   2.6256   0.1248   0.0057   0.0730   0.5543   0.0017 -0.0151    4      0
  1536   2.6449   0.1184   0.0324   0.5052   0.1531   0.0139 -0.0081    8      0
  1664   2.7477   0.0841   0.0261   0.2713   0.4455   0.0053 +0.0000    8      0
  1792   2.2264   0.2579   0.1445   0.4244   0.4093   0.0491 -0.0225    4      0
  1920   2.4766   0.1745   0.0850   0.5101   0.1667   0.0332 +0.0014    4      0
  2048   2.6453   0.1182   0.1216   0.1406   0.4268   0.0117 -0.0192    8      0
  2176   2.3371   0.2210   0.1813   0.2729   0.4569   0.0362 +0.0116    4      0
  2304   2.7010   0.0997   0.0031   0.5054   0.1987   0.0036 -0.0226    8      0
  2432   2.5391   0.1536   0.1927   0.1592   0.4743   0.0195 -0.0081    4      0
  2560   2.2835   0.2388   0.0969   0.3324   0.3637   0.0342 +0.0094    4      0
  2688   2.6547   0.1151   0.1471   0.4401   0.1788   0.0265 +0.0118    8      0
  2816   2.6901   0.1033   0.1196   0.1657   0.4647   0.0106 +0.0059    8      0
  2944   2.3601   0.2133   0.1257   0.3240   0.3950   0.0335 +0.0238    4      0
  3072   2.3887   0.2038   0.1688   0.3207   0.1216   0.0444 +0.0166    4      0
  3200   2.7523   0.0826   0.0107   0.0794   0.4494   0.0018 -0.0045    8      0
  3328   2.4459   0.1847   0.1790   0.3815   0.4202   0.0367 +0.0268    4      0
  3456   2.2313   0.2562   0.1555   0.2158   0.0961   0.0446 +0.0315    4      0
  3584   2.7032   0.0989   0.0529   0.0414   0.4501   0.0034 -0.0097    8      0
  3712   2.5519   0.1494   0.1578   0.3966   0.4092   0.0287 -0.0003    4      0
  3840   2.2894   0.2369   0.1636   0.2185   0.1269   0.0419 +0.0370    4      0
  3968   2.6324   0.1225   0.0895   0.0759   0.4747   0.0073 -0.0152    4      0

action          = PASS
reason          = no stable signal transition
round_budget    = 4096

============================================================
STIMULUS 111  bits=[1, 1, 1]
============================================================
 round  entropy     conc      sep    coher   motion   signal   delta    K stable
     0   1.9987   0.3338   0.0249   0.9989   0.0116   0.0523 +0.0523    4      0
     1   1.0325   0.6558   0.0246   0.9919   0.0578   0.0995 +0.0472    4      0
     2   0.1095   0.9635   0.9785   0.9859   0.0823   0.9066 +0.8071    1      0
     3   1.1051   0.6316   0.0322   0.1904   0.3639   0.0395 -0.8671    4      0
     4   2.0741   0.3086   0.0229   0.5827   0.5369   0.0243 -0.0152    4      0
     5   2.9847   0.0051   0.0190   0.4866   0.3905   0.0004 -0.0239    8      0
     6   2.0767   0.3078   0.0124   0.5080   0.5666   0.0161 +0.0157    4      0
     7   2.9713   0.0096   0.0111   0.2424   0.5391   0.0003 -0.0157    8      0
     8   2.7232   0.0923   0.0274   0.3851   0.5347   0.0065 +0.0061    8      0
     9   2.8817   0.0394   0.0513   0.5377   0.5637   0.0043 -0.0021    8      0
    10   2.9293   0.0236   0.0061   0.9206   0.3766   0.0014 -0.0029    8      0
    11   2.5767   0.1411   0.0221   0.5950   0.3856   0.0127 +0.0113    4      0
    12   2.5179   0.1607   0.0420   0.3778   0.4709   0.0147 +0.0020    4      0
    13   2.5147   0.1618   0.0634   0.2049   0.3750   0.0146 -0.0001    4      0
    14   2.6433   0.1189   0.0376   0.2534   0.5997   0.0073 -0.0072    8      0
    15   2.0238   0.3254   0.1286   0.5985   0.3963   0.0701 +0.0628    4      0
    16   2.1666   0.2778   0.0668   0.8568   0.5319   0.0455 -0.0247    4      0
    17   1.5093   0.4969   0.2401   0.8598   0.6675   0.1302 +0.0847    2      0
    18   2.1582   0.2806   0.0121   0.5916   0.5021   0.0168 -0.1134    4      0
    19   2.0637   0.3121   0.0778   0.0946   0.5934   0.0171 +0.0003    4      0
    20   2.7693   0.0769   0.0077   0.3330   0.4556   0.0029 -0.0142    8      0
    21   2.8279   0.0574   0.0059   0.3570   0.4638   0.0019 -0.0009    8      0
    22   2.3986   0.2005   0.0642   0.6322   0.4665   0.0295 +0.0276    4      0
    23   2.8838   0.0387   0.0188   0.1860   0.3144   0.0019 -0.0276    8      0
    24   2.4139   0.1954   0.0662   0.0750   0.1670   0.0126 +0.0107    4      0
    25   2.8105   0.0632   0.0635   0.2978   0.5598   0.0058 -0.0068    8      0
    26   2.1760   0.2747   0.0173   0.3061   0.7804   0.0094 +0.0036    4      0
    27   1.6978   0.4341   0.1530   0.8289   0.2901   0.1302 +0.1209    2      0
    28   0.8422   0.7193   0.8331   0.8830   0.2434   0.5366 +0.4064    2      0
    29   1.4863   0.5046   0.2832   0.3563   0.2053   0.1429 -0.3937    2      0
    30   2.2454   0.2515   0.1062   0.0988   0.1441   0.0238 -0.1190    4      0
    31   2.7526   0.0825   0.0269   0.2318   0.5859   0.0042 -0.0196    8      0
   128   1.3904   0.5365   0.6892   0.7109   0.4270   0.2843 +0.2706    2      0
   256   2.3583   0.2139   0.1148   0.8784   0.4537   0.0502 +0.0455    4      0
   384   2.4589   0.1804   0.0315   0.9169   0.2004   0.0274 +0.0173    4      0
   512   2.2997   0.2334   0.3359   0.4667   0.3117   0.0767 +0.0467    4      0
   640   2.5929   0.1357   0.0647   0.5885   0.5365   0.0180 +0.0178    4      0
   768   2.7354   0.0882   0.0353   0.7062   0.2625   0.0120 -0.0034    8      0
   896   2.8262   0.0579   0.0162   0.1848   0.3490   0.0026 -0.0053    8      0
  1024   2.5440   0.1520   0.1410   0.2395   0.6158   0.0173 +0.0156    4      0
  1152   2.7111   0.0963   0.0016   0.4911   0.3861   0.0021 -0.0167    8      0
  1280   2.8383   0.0539   0.0749   0.2114   0.4274   0.0051 +0.0004    8      0
  1408   2.3026   0.2325   0.2983   0.1886   0.6319   0.0335 +0.0236    4      0
  1536   2.6829   0.1057   0.0440   0.3235   0.4055   0.0097 -0.0201    8      0
  1664   2.7615   0.0795   0.0545   0.2930   0.4902   0.0072 +0.0043    8      0
  1792   2.0866   0.3045   0.3713   0.3141   0.6188   0.0642 +0.0463    4      0
  1920   2.6297   0.1234   0.0564   0.2211   0.3887   0.0108 -0.0265    4      0
  2048   2.7460   0.0847   0.0449   0.3189   0.5357   0.0069 +0.0028    8      0
  2176   1.9887   0.3371   0.3846   0.3839   0.6015   0.0818 +0.0548    4      0
  2304   2.5662   0.1446   0.0304   0.1896   0.3831   0.0086 -0.0246    4      0
  2432   2.7552   0.0816   0.0490   0.3242   0.5615   0.0068 +0.0015    8      0
  2560   1.9732   0.3423   0.3623   0.3958   0.5937   0.0826 +0.0486    4      0
  2688   2.5189   0.1604   0.0207   0.1954   0.3819   0.0080 -0.0188    4      0
  2816   2.7582   0.0806   0.0618   0.3289   0.5716   0.0075 +0.0007    8      0
  2944   1.9892   0.3369   0.3249   0.3753   0.5882   0.0755 +0.0366    4      0
  3072   2.4907   0.1698   0.0242   0.2129   0.3832   0.0096 -0.0114    4      0
  3200   2.7521   0.0826   0.0767   0.3377   0.5723   0.0087 +0.0004    8      0
  3328   2.0135   0.3288   0.2867   0.3437   0.5847   0.0665 +0.0261    4      0
  3456   2.4752   0.1749   0.0241   0.2327   0.3858   0.0103 -0.0065    4      0
  3584   2.7441   0.0853   0.0895   0.3475   0.5693   0.0099 +0.0003    8      0
  3712   2.0355   0.3215   0.2555   0.3146   0.5797   0.0591 +0.0187    4      0
  3840   2.4674   0.1775   0.0057   0.2491   0.3885   0.0052 -0.0085    4      0
  3968   2.7400   0.0867   0.0983   0.3546   0.5665   0.0107 +0.0004    8      0

action          = PASS
reason          = no stable signal transition
round_budget    = 4096
